﻿textbox5,textbox3,textbox4,textbox11,textbox14,textbox7,textbox24,textbox8,DateValue,CustomerCount_1,Quantity,TotalSales_1,TotalSales,textbox6,textbox26,textbox10,textbox13,textbox18,textbox19,textbox20,textbox9,textbox22,textbox33
Time,Customer Count,Item Count,Total Sales (excl. tax),% Total Sales,Cumulative Total Sales (excl. tax),Avg. £ per Customer,Average Sell Price per Item,05:00 - 06:00,0,0,0.00,0.0%,0.00,0.00,0.00,Total,298,"2,370","2,942.03","2,942.03",9.87,1.24
Time,Customer Count,Item Count,Total Sales (excl. tax),% Total Sales,Cumulative Total Sales (excl. tax),Avg. £ per Customer,Average Sell Price per Item,06:00 - 07:00,0,0,0.00,0.0%,0.00,0.00,0.00,Total,298,"2,370","2,942.03","2,942.03",9.87,1.24
Time,Customer Count,Item Count,Total Sales (excl. tax),% Total Sales,Cumulative Total Sales (excl. tax),Avg. £ per Customer,Average Sell Price per Item,07:00 - 08:00,0,0,0.00,0.0%,0.00,0.00,0.00,Total,298,"2,370","2,942.03","2,942.03",9.87,1.24
Time,Customer Count,Item Count,Total Sales (excl. tax),% Total Sales,Cumulative Total Sales (excl. tax),Avg. £ per Customer,Average Sell Price per Item,08:00 - 09:00,0,0,0.00,0.0%,0.00,0.00,0.00,Total,298,"2,370","2,942.03","2,942.03",9.87,1.24
Time,Customer Count,Item Count,Total Sales (excl. tax),% Total Sales,Cumulative Total Sales (excl. tax),Avg. £ per Customer,Average Sell Price per Item,09:00 - 10:00,0,0,0.00,0.0%,0.00,0.00,0.00,Total,298,"2,370","2,942.03","2,942.03",9.87,1.24
Time,Customer Count,Item Count,Total Sales (excl. tax),% Total Sales,Cumulative Total Sales (excl. tax),Avg. £ per Customer,Average Sell Price per Item,10:00 - 11:00,0,0,0.00,0.0%,0.00,0.00,0.00,Total,298,"2,370","2,942.03","2,942.03",9.87,1.24
Time,Customer Count,Item Count,Total Sales (excl. tax),% Total Sales,Cumulative Total Sales (excl. tax),Avg. £ per Customer,Average Sell Price per Item,11:00 - 12:00,1,18,10.81,0.4%,10.81,10.81,0.60,Total,298,"2,370","2,942.03","2,942.03",9.87,1.24
Time,Customer Count,Item Count,Total Sales (excl. tax),% Total Sales,Cumulative Total Sales (excl. tax),Avg. £ per Customer,Average Sell Price per Item,12:00 - 13:00,42,360,437.24,14.9%,448.05,10.41,1.21,Total,298,"2,370","2,942.03","2,942.03",9.87,1.24
Time,Customer Count,Item Count,Total Sales (excl. tax),% Total Sales,Cumulative Total Sales (excl. tax),Avg. £ per Customer,Average Sell Price per Item,13:00 - 14:00,42,332,363.34,12.3%,811.39,8.65,1.09,Total,298,"2,370","2,942.03","2,942.03",9.87,1.24
Time,Customer Count,Item Count,Total Sales (excl. tax),% Total Sales,Cumulative Total Sales (excl. tax),Avg. £ per Customer,Average Sell Price per Item,14:00 - 15:00,38,308,396.87,13.5%,"1,208.26",10.44,1.29,Total,298,"2,370","2,942.03","2,942.03",9.87,1.24
Time,Customer Count,Item Count,Total Sales (excl. tax),% Total Sales,Cumulative Total Sales (excl. tax),Avg. £ per Customer,Average Sell Price per Item,15:00 - 16:00,50,382,458.19,15.6%,"1,666.45",9.16,1.20,Total,298,"2,370","2,942.03","2,942.03",9.87,1.24
Time,Customer Count,Item Count,Total Sales (excl. tax),% Total Sales,Cumulative Total Sales (excl. tax),Avg. £ per Customer,Average Sell Price per Item,16:00 - 17:00,38,250,256.36,8.7%,"1,922.81",6.75,1.03,Total,298,"2,370","2,942.03","2,942.03",9.87,1.24
Time,Customer Count,Item Count,Total Sales (excl. tax),% Total Sales,Cumulative Total Sales (excl. tax),Avg. £ per Customer,Average Sell Price per Item,17:00 - 18:00,35,297,421.89,14.3%,"2,344.70",12.05,1.42,Total,298,"2,370","2,942.03","2,942.03",9.87,1.24
Time,Customer Count,Item Count,Total Sales (excl. tax),% Total Sales,Cumulative Total Sales (excl. tax),Avg. £ per Customer,Average Sell Price per Item,18:00 - 19:00,31,244,334.75,11.4%,"2,679.45",10.80,1.37,Total,298,"2,370","2,942.03","2,942.03",9.87,1.24
Time,Customer Count,Item Count,Total Sales (excl. tax),% Total Sales,Cumulative Total Sales (excl. tax),Avg. £ per Customer,Average Sell Price per Item,19:00 - 20:00,21,179,262.58,8.9%,"2,942.03",12.50,1.47,Total,298,"2,370","2,942.03","2,942.03",9.87,1.24
Time,Customer Count,Item Count,Total Sales (excl. tax),% Total Sales,Cumulative Total Sales (excl. tax),Avg. £ per Customer,Average Sell Price per Item,20:00 - 21:00,0,0,0.00,0.0%,"2,942.03",0.00,0.00,Total,298,"2,370","2,942.03","2,942.03",9.87,1.24
Time,Customer Count,Item Count,Total Sales (excl. tax),% Total Sales,Cumulative Total Sales (excl. tax),Avg. £ per Customer,Average Sell Price per Item,21:00 - 22:00,0,0,0.00,0.0%,"2,942.03",0.00,0.00,Total,298,"2,370","2,942.03","2,942.03",9.87,1.24
Time,Customer Count,Item Count,Total Sales (excl. tax),% Total Sales,Cumulative Total Sales (excl. tax),Avg. £ per Customer,Average Sell Price per Item,22:00 - 23:00,0,0,0.00,0.0%,"2,942.03",0.00,0.00,Total,298,"2,370","2,942.03","2,942.03",9.87,1.24
Time,Customer Count,Item Count,Total Sales (excl. tax),% Total Sales,Cumulative Total Sales (excl. tax),Avg. £ per Customer,Average Sell Price per Item,23:00 - 00:00,0,0,0.00,0.0%,"2,942.03",0.00,0.00,Total,298,"2,370","2,942.03","2,942.03",9.87,1.24
Time,Customer Count,Item Count,Total Sales (excl. tax),% Total Sales,Cumulative Total Sales (excl. tax),Avg. £ per Customer,Average Sell Price per Item,00:00 - 01:00,0,0,0.00,0.0%,"2,942.03",0.00,0.00,Total,298,"2,370","2,942.03","2,942.03",9.87,1.24
Time,Customer Count,Item Count,Total Sales (excl. tax),% Total Sales,Cumulative Total Sales (excl. tax),Avg. £ per Customer,Average Sell Price per Item,01:00 - 02:00,0,0,0.00,0.0%,"2,942.03",0.00,0.00,Total,298,"2,370","2,942.03","2,942.03",9.87,1.24
Time,Customer Count,Item Count,Total Sales (excl. tax),% Total Sales,Cumulative Total Sales (excl. tax),Avg. £ per Customer,Average Sell Price per Item,02:00 - 03:00,0,0,0.00,0.0%,"2,942.03",0.00,0.00,Total,298,"2,370","2,942.03","2,942.03",9.87,1.24
Time,Customer Count,Item Count,Total Sales (excl. tax),% Total Sales,Cumulative Total Sales (excl. tax),Avg. £ per Customer,Average Sell Price per Item,03:00 - 04:00,0,0,0.00,0.0%,"2,942.03",0.00,0.00,Total,298,"2,370","2,942.03","2,942.03",9.87,1.24
Time,Customer Count,Item Count,Total Sales (excl. tax),% Total Sales,Cumulative Total Sales (excl. tax),Avg. £ per Customer,Average Sell Price per Item,04:00 - 05:00,0,0,0.00,0.0%,"9,999.99",0.00,0.00,Total,298,"2,370","9999.99","9999.99",9.87,1.24

